cat,修格里城,淘金乐园,铁盟哨站,荒原站,曼德矿场,澄明数据中心,7号自由港,阿妮塔战备工厂,阿妮塔能源研究所,阿妮塔发射中心
修格里城,0,27,24,24,24,24,27,24,32,37
淘金乐园,27,0,24,25,24,33,40,37,45,49
铁盟哨站,24,24,0,24,24,24,31,27,35,40
荒原站,24,25,24,0,24,27,34,31,39,44
曼德矿场,24,24,24,24,0,28,35,32,40,45
澄明数据中心,24,33,24,27,28,0,25,24,29,34
7号自由港,27,40,31,34,35,25,0,24,24,28
阿妮塔战备工厂,24,37,27,31,32,24,24,0,24,28
阿妮塔能源研究所,32,45,35,39,40,29,24,24,0,24
阿妮塔发射中心,37,49,40,44,45,34,28,28,24,0